{"Y_TEST_TRUE":{"0":[0.792976128,0.6898481627,0.0587427561,-0.4543814714,0.0769236563,-0.6496466928,-0.3281219679,0.4262653057,0.75245464,0.5411731464,-0.9851689763,-0.9188601941,-0.6022367654,-0.5314811475,1.0120334071,1.1007364457,1.0422562784,-1.2806515852,-1.3246160374,-1.3348244682,-0.4862218392,-1.5062637839,-1.7618955682,-1.1557721117,-1.0835683236,-0.2267628831,-1.3487080223,-0.7935965551,0.2247025835,1.0687219338,0.8418477497,-0.3366468378,-0.767794248,-0.5609291415,-0.3070997026,-0.9110348772,-1.077852153,-1.0046364992,0.4441864226,0.4262100148,0.7941249587,-0.3979258271,0.4498416468,1.4755390373,1.8467124932,2.3270040371,0.7638516281,-0.1047978223,-1.0714538138,-0.9625206105,-0.7249094568,-0.9787713208,-0.2491641341,0.8841090247,1.5679682518,1.6257716252,1.3689740897,0.7021324428,-0.6649263649,0.1052313285,0.5631495076,0.7134278388,-0.3076112843,1.6777960422,1.9076829338,1.983446153,0.32230656,0.2406572044,-0.083222763,0.0818004835,0.6531000902,0.5901352165,0.5060972178,0.2597082351,-0.3460512756,0.4379998479,-0.4723826581,-0.0439076449,0.5072123222,1.1105270211,1.1318379467,-0.4968908955,-0.2618150354,-0.9439046242,-0.1673780109,-1.4796883768,-1.1794008919,-0.7063361864,-0.6357728628,0.2790658289,0.5515225441,0.5945724661,0.3725798157,0.2161985071,-0.3874586109,-1.1205869827,-0.7342877478,-0.1747319191,0.0537788058,-0.2062824004,-0.4899802071,-1.1323864591,-1.6738078372,-2.06279086,-0.5319623303,-0.5647102594,1.2752297382,1.7434068157,1.7088748688,1.3970231039,1.7139162919,1.7555901037,1.7466203959,0.5759049819,0.4423143588,1.1728902824,1.5440206235,1.3588116238,0.4681356381,1.4345275538,1.6856637708,1.9260020146,0.4492425018,0.8504125898,-0.0287542904,-0.8906002166,0.0197881044,0.3939072563,1.5390852132,0.6972895815,1.3153452832,0.1536659039,0.1383004765,0.2647734641,1.0449328643,0.5953467837,-0.2613081875,-0.5228905636]},"Y_TEST_PRED":{"0":[0.798426952,-0.135008744,0.483128577,0.358803155,0.929764953,-0.343866365,-0.394869887,0.124976886,0.714385868,0.495936019,-1.049232267,-0.962528123,-0.823266309,-0.566899673,1.061843082,1.223874814,1.243571118,-1.371414383,-1.6161627,-1.663613601,-0.39083508,-1.294350414,-1.735350123,-1.464171309,-1.138267628,-0.231935471,-1.071257154,-0.788753691,0.168216722,0.589617249,0.34764818,-1.151348471,-0.696093006,-0.726012958,-0.087224411,-1.025152274,-1.065636548,-1.658517568,0.670350201,0.58174072,1.034492187,-0.330510864,0.468647097,1.030934397,1.479112841,1.817472853,0.369717394,-0.162350195,-0.729825744,-0.317430882,-0.490640104,-1.100609032,-0.351083172,0.476992209,1.269210822,1.68335771,1.248614285,0.747520063,-0.631971431,-0.10813702,0.399434913,0.598079881,-0.364643642,2.015990384,2.364869298,2.827580557,0.626809444,0.49739888,0.325808278,0.365489314,1.026844468,0.699083059,0.662278742,0.456505507,-0.181605646,0.647849754,-0.151031448,0.204622557,0.672776561,1.409854459,1.436857019,-0.078187413,-0.089819775,-0.951749297,-0.611776729,-1.503113365,-0.95035541,-0.869041164,-0.621619324,0.820733698,1.157975086,1.16180901,0.673844651,0.576154411,-0.247999935,-1.022406207,-0.898568511,-0.35746994,-0.676801503,-0.963128334,-1.089650457,-1.754660522,-1.724252511,-1.868408762,-0.07703964,-0.058419279,1.204247991,1.183657404,1.235714724,1.193822144,1.680661976,1.735508276,1.120645867,0.220765723,0.291028273,0.583045483,1.459657324,0.957846139,1.102629823,1.64061108,1.886908677,1.733513011,-0.0362457,0.430903942,-0.243546309,-0.931687809,0.141116369,0.56391939,1.941603295,0.686945786,0.489776809,-0.927615797,-0.570785532,0.629936161,1.229927464,0.831135585,-0.615633494,-0.504548817]},"RUN":{"0":0},"EST_NAME":{"0":"SVR-BAYES"},"SEED":{"0":37},"OUTPUT":{"0":"ankara"},"EST_PARAMS":{"0":{"cv":3,"error_score":"raise","estimator__C":1.0,"estimator__cache_size":200,"estimator__coef0":0.0,"estimator__degree":3,"estimator__epsilon":0.1,"estimator__gamma":"scale","estimator__kernel":"rbf","estimator__max_iter":500,"estimator__shrinking":true,"estimator__tol":0.001,"estimator__verbose":true,"estimator":{"C":1.0,"cache_size":200,"coef0":0.0,"degree":3,"gamma":"scale","kernel":"rbf","nu":0.0,"probability":false,"shrinking":true,"verbose":true},"fit_params":null,"iid":"deprecated","n_iter":32,"n_jobs":1,"n_points":1,"optimizer_kwargs":null,"pre_dispatch":"2*n_jobs","random_state":null,"refit":true,"return_train_score":false,"scoring":null,"search_spaces":{"C":[0.000001,10000.0,"log-uniform"],"gamma":[0.000001,10.0,"log-uniform"],"kernel":["linear","rbf"]},"verbose":0}},"run":{"0":0},"seed":{"0":37},"estimator":{"0":"SVR-BAYES"},"y_true":{"0":[0.798426952,-0.135008744,0.483128577,0.358803155,0.929764953,-0.343866365,-0.394869887,0.124976886,0.714385868,0.495936019,-1.049232267,-0.962528123,-0.823266309,-0.566899673,1.061843082,1.223874814,1.243571118,-1.371414383,-1.6161627,-1.663613601,-0.39083508,-1.294350414,-1.735350123,-1.464171309,-1.138267628,-0.231935471,-1.071257154,-0.788753691,0.168216722,0.589617249,0.34764818,-1.151348471,-0.696093006,-0.726012958,-0.087224411,-1.025152274,-1.065636548,-1.658517568,0.670350201,0.58174072,1.034492187,-0.330510864,0.468647097,1.030934397,1.479112841,1.817472853,0.369717394,-0.162350195,-0.729825744,-0.317430882,-0.490640104,-1.100609032,-0.351083172,0.476992209,1.269210822,1.68335771,1.248614285,0.747520063,-0.631971431,-0.10813702,0.399434913,0.598079881,-0.364643642,2.015990384,2.364869298,2.827580557,0.626809444,0.49739888,0.325808278,0.365489314,1.026844468,0.699083059,0.662278742,0.456505507,-0.181605646,0.647849754,-0.151031448,0.204622557,0.672776561,1.409854459,1.436857019,-0.078187413,-0.089819775,-0.951749297,-0.611776729,-1.503113365,-0.95035541,-0.869041164,-0.621619324,0.820733698,1.157975086,1.16180901,0.673844651,0.576154411,-0.247999935,-1.022406207,-0.898568511,-0.35746994,-0.676801503,-0.963128334,-1.089650457,-1.754660522,-1.724252511,-1.868408762,-0.07703964,-0.058419279,1.204247991,1.183657404,1.235714724,1.193822144,1.680661976,1.735508276,1.120645867,0.220765723,0.291028273,0.583045483,1.459657324,0.957846139,1.102629823,1.64061108,1.886908677,1.733513011,-0.0362457,0.430903942,-0.243546309,-0.931687809,0.141116369,0.56391939,1.941603295,0.686945786,0.489776809,-0.927615797,-0.570785532,0.629936161,1.229927464,0.831135585,-0.615633494,-0.504548817]},"y_pred":{"0":[0.792976128,0.6898481627,0.0587427561,-0.4543814714,0.0769236563,-0.6496466928,-0.3281219679,0.4262653057,0.75245464,0.5411731464,-0.9851689763,-0.9188601941,-0.6022367654,-0.5314811475,1.0120334071,1.1007364457,1.0422562784,-1.2806515852,-1.3246160374,-1.3348244682,-0.4862218392,-1.5062637839,-1.7618955682,-1.1557721117,-1.0835683236,-0.2267628831,-1.3487080223,-0.7935965551,0.2247025835,1.0687219338,0.8418477497,-0.3366468378,-0.767794248,-0.5609291415,-0.3070997026,-0.9110348772,-1.077852153,-1.0046364992,0.4441864226,0.4262100148,0.7941249587,-0.3979258271,0.4498416468,1.4755390373,1.8467124932,2.3270040371,0.7638516281,-0.1047978223,-1.0714538138,-0.9625206105,-0.7249094568,-0.9787713208,-0.2491641341,0.8841090247,1.5679682518,1.6257716252,1.3689740897,0.7021324428,-0.6649263649,0.1052313285,0.5631495076,0.7134278388,-0.3076112843,1.6777960422,1.9076829338,1.983446153,0.32230656,0.2406572044,-0.083222763,0.0818004835,0.6531000902,0.5901352165,0.5060972178,0.2597082351,-0.3460512756,0.4379998479,-0.4723826581,-0.0439076449,0.5072123222,1.1105270211,1.1318379467,-0.4968908955,-0.2618150354,-0.9439046242,-0.1673780109,-1.4796883768,-1.1794008919,-0.7063361864,-0.6357728628,0.2790658289,0.5515225441,0.5945724661,0.3725798157,0.2161985071,-0.3874586109,-1.1205869827,-0.7342877478,-0.1747319191,0.0537788058,-0.2062824004,-0.4899802071,-1.1323864591,-1.6738078372,-2.06279086,-0.5319623303,-0.5647102594,1.2752297382,1.7434068157,1.7088748688,1.3970231039,1.7139162919,1.7555901037,1.7466203959,0.5759049819,0.4423143588,1.1728902824,1.5440206235,1.3588116238,0.4681356381,1.4345275538,1.6856637708,1.9260020146,0.4492425018,0.8504125898,-0.0287542904,-0.8906002166,0.0197881044,0.3939072563,1.5390852132,0.6972895815,1.3153452832,0.1536659039,0.1383004765,0.2647734641,1.0449328643,0.5953467837,-0.2613081875,-0.5228905636]},"dataset_name":{"0":"Ankara SPI-3"},"feature_names":{"0":["Beypazari","Polatli","Kizilca Hamam","Esenboga","Nallihan"]},"target":{"0":"Ankara"},"estimator_name":{"0":"BayesSearchCV"},"coef":{"0":null},"final_estimator":{"0":{"best_estimator_":{"C":0.2166673959,"cache_size":200,"class_weight_":[],"coef_":[[0.0269290112,0.2883288146,-0.0874083737,0.6416734903,0.0842836457]],"dual_coef_":[[-0.2166673959,0.2166673959,0.1207944667,0.2166673959,-0.2166673959,-0.2166673959,-0.2166673959,-0.2166673959,0.0714841621,0.2166673959,-0.2166673959,-0.2166673959,-0.2166673959,-0.2166673959,-0.2166673959,-0.2166673959,-0.2166673959,-0.2166673959,-0.2166673959,0.1842142328,0.2166673959,0.2166673959,0.2166673959,0.2166673959,0.2166673959,0.2166673959,0.2166673959,0.2166673959,0.2166673959,0.2166673959,0.2166673959,0.2166673959,0.2166673959,0.2166673959,0.2166673959,0.0964333275,-0.2166673959,0.2166673959,-0.2166673959,0.2166673959,0.2166673959,0.2166673959,0.2166673959,0.2166673959,-0.2166673959,-0.2166673959,-0.2166673959,-0.2166673959,-0.2166673959,-0.2166673959,0.2166673959,0.2166673959,0.2166673959,-0.2166673959,-0.2166673959,0.2166673959,-0.2166673959,-0.2166673959,-0.0395913974,-0.2166673959,-0.2166673959,0.2166673959,0.2166673959,0.2166673959,-0.2166673959,-0.2166673959,-0.2166673959,-0.2166673959,0.2166673959,-0.2166673959,-0.2166673959,-0.2166673959,-0.2166673959,0.2166673959,0.2166673959,0.2166673959,-0.2166673959]],"fit_status_":0,"intercept_":[-0.0057231892],"max_iter":500,"n_iter_":212,"nu":0.0,"probability":false,"shape_fit_":[100,5],"support_":[0,1,2,3,6,7,8,9,11,12,14,15,16,17,21,22,23,24,25,26,27,28,29,30,31,32,33,37,38,39,40,41,42,43,44,45,47,49,50,52,53,54,55,56,59,60,61,62,63,64,67,68,69,70,71,73,75,76,77,78,80,81,82,83,84,85,86,87,91,92,93,94,95,96,97,98,99],"tol":0.001},"best_params_":{"C":0.2166673959,"gamma":10.0,"kernel":"linear"},"cv":3,"error_score":"raise","fit_params":null,"iid":"deprecated","multimetric_":false,"n_iter":32,"n_points":1,"optimizer_kwargs":null,"optimizer_results_":[{"x":[0.2166673959,10.0,"linear"],"fun":-0.7959479139,"func_vals":[0.3010548811,0.1711587968,0.1101934937,-0.5685348223,0.0895857318,0.0503312363,0.3048709012,0.1974395692,-0.2745256082,-0.7926772477,-0.790092129,-0.6555429438,-0.7862367563,-0.7881238003,0.3048777555,-0.7613121006,0.3044411553,-0.7774363124,-0.7871660013,-0.7944251207,-0.7922235522,-0.7717525891,-0.3249371245,-0.7903007095,0.2571774613,-0.779025725,-0.7916104341,-0.7906115123,-0.7925081777,-0.7928408863,-0.7897592967,-0.7959479139],"x_iters":[[0.0001999459,0.0508799068,"rbf"],[0.0003125005,0.0002468393,"linear"],[0.8852492663,0.0002643098,"rbf"],[3167.6880163145,0.0033079034,"rbf"],[0.0005256585,0.0000511308,"linear"],[168.2993888207,0.0029776122,"linear"],[0.001581497,0.0000057207,"rbf"],[0.000248265,0.0109678647,"linear"],[8939.5806429503,0.0017820787,"rbf"],[0.5355817225,0.0026985295,"linear"],[0.3600098279,0.0044923307,"linear"],[562.9306396789,0.0122663604,"rbf"],[0.051629642,0.000001,"linear"],[0.097325627,0.000001,"linear"],[0.000001,0.0012474741,"rbf"],[2.794875538,10.0,"linear"],[0.000001,0.0000018826,"linear"],[1.1168549548,10.0,"linear"],[0.0709295969,10.0,"linear"],[0.5140290898,0.000001,"linear"],[0.1975964101,0.000001,"linear"],[0.0240463911,10.0,"linear"],[10000.0,0.000001,"linear"],[0.1512308814,10.0,"linear"],[53.6061169509,0.000001,"rbf"],[0.6731648931,0.000001,"linear"],[0.2836525796,10.0,"linear"],[0.438507917,10.0,"linear"],[0.3492205599,0.000001,"linear"],[0.2361175373,0.000001,"linear"],[0.4049027898,0.000001,"linear"],[0.2166673959,10.0,"linear"]],"models":[{"K_inv_":[[1.7447427221,0.0,0.1004492007,-0.0135165342,-0.0,-0.0,-1.3149613052,-0.0,0.0097266432,-0.0],[0.0,1475.2105322057,0.0,0.0,-454.6888613379,-0.3908139302,0.0,-1033.859831076,-0.0,2.9185751572],[0.1004492007,0.0,0.7987156618,-0.1467433338,-0.0,-0.0,-0.1932894992,-0.0,0.1068437951,-0.0],[-0.0135165342,0.0,-0.1467433338,5.1676652643,-0.0,-0.0,0.0268246966,-0.0,-4.7594924071,-0.0],[-0.0,-454.6888613379,-0.0,-0.0,149.5779622761,0.1712626964,-0.0,309.6507974803,0.0,-1.2646410921],[-0.0,-0.3908139302,-0.0,-0.0,0.1712626964,0.8006502783,-0.0,0.2345765916,-0.0,-0.1577827878],[-1.3149613052,0.0,-0.1932894992,0.0268246966,-0.0,-0.0,1.7788978332,-0.0,-0.0193142733,-0.0],[-0.0,-1033.859831076,-0.0,-0.0,309.6507974803,0.2345765916,-0.0,733.922627356,0.0,-1.7592450966],[0.0097266432,-0.0,0.1068437951,-4.7594924071,0.0,-0.0,-0.0193142733,0.0,5.1549772555,0.0],[-0.0,2.9185751572,-0.0,-0.0,-1.2646410921,-0.1577827878,-0.0,-1.7592450966,0.0,0.8250775929]],"X_train_":[[0.2300912476,0.6723637582,1.0],[0.249485072,0.3417734806,0.0],[0.5947065575,0.3460161737,1.0],[0.9500742402,0.5027932598,1.0],[0.2720703684,0.2440975339,0.0],[0.8226082539,0.4962668773,0.0],[0.3199068384,0.1082072545,1.0],[0.239491552,0.5771602975,0.0],[0.9951317146,0.4644181241,1.0],[0.5728825748,0.4901610247,0.0]],"alpha":0.0000000001,"copy_X_train":true,"log_marginal_likelihood_value_":-9.0577310533,"n_restarts_optimizer":2,"noise_":0.00001,"optimizer":"fmin_l_bfgs_b","random_state":632820261,"y_train_":[0.9546697694,0.5922487246,0.4221503808,-1.4715589381,0.3646529848,0.2551296272,0.9653167876,0.6655742992,-0.6512484023,-2.0969352331],"y_train_std_":0.3584120907},{"K_inv_":[[2.5077879857,2.489439282e-23,0.1782938929,-0.0330779389,-7.348852282e-24,-4.39297435e-25,-1.976290865,-1.927010094e-23,0.0241585497,2.948149507e-25,-1.08544624e-24],[2.489439282e-23,2535.6309068163,2.039672427e-23,1.047430745e-23,-787.3270079434,0.6144105334,9.568130408e-24,-1769.4539529728,-3.643119156e-26,-38.9911802251,44.9813614729],[0.1782938929,2.039672427e-23,1.0498194905,-0.27711037,-6.899223372e-24,-1.528730274e-24,-0.331477906,-1.506727484e-23,0.2051707768,-2.710040201e-25,-1.156947614e-24],[-0.0330779389,1.047430745e-23,-0.27711037,7.673031114,-3.704411229e-24,-8.6491912e-25,0.0637793181,-7.599292437e-24,-7.1419334269,-3.067077131e-25,-5.778888868e-25],[-7.348852282e-24,-787.3270079434,-6.899223372e-24,-3.704411229e-24,259.2939620351,-0.2732656169,-3.303982313e-24,535.328876567,-1.496383956e-25,17.1488508677,-19.7183631339],[-4.39297435e-25,0.6144105334,-1.528730274e-24,-8.6491912e-25,-0.2732656169,1.1046980931,-5.86810842e-25,-0.366332623,-1.104366474e-24,-1.9769209786,1.7442171473],[-1.976290865,9.568130408e-24,-0.331477906,0.0637793181,-3.303982313e-24,-5.86810842e-25,2.5822295951,-7.028426543e-24,-0.0466138144,-7.532757414e-26,-5.996963026e-25],[-1.927010094e-23,-1769.4539529728,-1.506727484e-23,-7.599292437e-24,535.328876567,-0.366332623,-7.028426543e-24,1249.21336834,1.807025033e-25,23.3380254901,-26.9566270466],[0.0241585497,-3.643119156e-26,0.2051707768,-7.1419334269,-1.496383956e-25,-1.104366474e-24,-0.0466138144,1.807025033e-25,7.639880768,-1.585298062e-25,-1.024551389e-25],[2.948149507e-25,-38.9911802251,-2.710040201e-25,-3.067077131e-25,17.1488508677,-1.9769209786,-7.532757414e-26,23.3380254901,-1.585298062e-25,53.5726329498,-53.0924317812],[-1.08544624e-24,44.9813614729,-1.156947614e-24,-5.778888868e-25,-19.7183631339,1.7442171473,-5.996963026e-25,-26.9566270466,-1.024551389e-25,-53.0924317812,53.7198426785]],"X_train_":[[0.2300912476,0.6723637582,1.0],[0.249485072,0.3417734806,0.0],[0.5947065575,0.3460161737,1.0],[0.9500742402,0.5027932598,1.0],[0.2720703684,0.2440975339,0.0],[0.8226082539,0.4962668773,0.0],[0.3199068384,0.1082072545,1.0],[0.239491552,0.5771602975,0.0],[0.9951317146,0.4644181241,1.0],[0.5728825748,0.4901610247,0.0],[0.5556314357,0.5217816737,0.0]],"alpha":0.0000000001,"copy_X_train":true,"log_marginal_likelihood_value_":-6.8610712172,"n_restarts_optimizer":2,"noise_":0.00001,"optimizer":"fmin_l_bfgs_b","random_state":632820261,"y_train_":[1.0157097622,0.6941124639,0.5431742979,-1.137224259,0.4921535102,0.394967057,1.0251574815,0.7591785163,-0.4093149507,-1.6921570638,-1.6857568155],"y_train_std_":0.4039091281},{"K_inv_":[[2.7820132599,1.47518857e-92,0.1932057755,0.0562985874,-4.500487629e-93,-6.38985635e-94,-2.1713051109,-1.130756406e-92,-0.0253701944,1.908714335e-95,-6.699414247e-94,-0.0526551836],[1.47518857e-92,2689.3935681292,1.485431289e-92,-1.681550121e-92,-834.5145473863,0.6244860573,6.730834768e-93,-1877.9027818725,2.050840637e-92,-40.2032693611,46.4365869312,1.452179738e-92],[0.1932057755,1.485431289e-92,1.2296251437,0.5507190384,-4.696672387e-93,-9.402496209e-94,-0.3622468441,-1.125422922e-92,-0.2506191363,-6.167091524e-95,-7.42231537e-94,-0.4973938718],[0.0562985874,-1.681550121e-92,0.5507190384,25.5735313538,5.494020546e-93,1.504918282e-93,-0.1096896105,1.259362355e-92,-17.3071130057,1.674733297e-94,9.198279478e-94,-10.136691332],[-4.500487629e-93,-834.5145473863,-4.696672387e-93,5.494020546e-93,275.1654979643,-0.2787437552,-2.13724461e-93,567.2945317688,-6.717146492e-93,17.7507048926,-20.4364884836,-4.690807271e-93],[-6.38985635e-94,0.6244860573,-9.402496209e-94,1.504918282e-93,-0.2787437552,1.246992877,-4.305026728e-94,-0.3718476063,-1.877257476e-93,-2.1098567224,1.8577549535,-1.148826655e-93],[-2.1713051109,6.730834768e-93,-0.3622468441,-0.1096896105,-2.13724461e-93,-4.305026728e-94,2.8586459273,-5.09297009e-93,0.0494461096,-3.051312837e-95,-3.399646519e-94,0.1024337587],[-1.130756406e-92,-1877.9027818725,-1.125422922e-92,1.259362355e-92,567.2945317688,-0.3718476063,-5.09297009e-93,1327.0829937827,-1.534561124e-92,24.0291223205,-27.7883363154,-1.092079747e-92],[-0.0253701944,2.050840637e-92,-0.2506191363,-17.3071130057,-6.717146492e-93,-1.877257476e-93,0.0494461096,-1.534561124e-92,13.6434065459,-2.137115785e-94,-1.129134846e-93,5.5999498372],[1.908714335e-95,-40.2032693611,-6.167091524e-95,1.674733297e-94,17.7507048926,-2.1098567224,-3.051312837e-95,24.0291223205,-2.137115785e-94,58.2624996008,-57.7067727145,-1.142644464e-94],[-6.699414247e-94,46.4365869312,-7.42231537e-94,9.198279478e-94,-20.4364884836,1.8577549535,-3.399646519e-94,-27.7883363154,-1.129134846e-93,-57.7067727145,58.4002122097,-7.686795239e-94],[-0.0526551836,1.452179738e-92,-0.4973938718,-10.136691332,-4.690807271e-93,-1.148826655e-93,0.1024337587,-1.092079747e-92,5.5999498372,-1.142644464e-94,-7.686795239e-94,6.0004862649]],"X_train_":[[0.2300912476,0.6723637582,1.0],[0.249485072,0.3417734806,0.0],[0.5947065575,0.3460161737,1.0],[0.9500742402,0.5027932598,1.0],[0.2720703684,0.2440975339,0.0],[0.8226082539,0.4962668773,0.0],[0.3199068384,0.1082072545,1.0],[0.239491552,0.5771602975,0.0],[0.9951317146,0.4644181241,1.0],[0.5728825748,0.4901610247,0.0],[0.5556314357,0.5217816737,0.0],[0.8750454887,0.5841022456,1.0]],"alpha":0.0000000001,"copy_X_train":true,"log_marginal_likelihood_value_":-6.7785621633,"n_restarts_optimizer":2,"noise_":0.00001,"optimizer":"fmin_l_bfgs_b","random_state":632820261,"y_train_":[1.0978780032,0.7849878008,0.6381362149,-0.9967663397,0.588496791,0.4939416154,1.1070699299,0.8482922204,-0.2885648343,-1.5366745992,-1.5304476346,-1.2063491679],"y_train_std_":0.4151490951},{"K_inv_":[[2.9120056485,4.755735485e-92,0.2481946158,0.0950011168,-1.299688807e-92,-2.148798075e-93,-2.3724497282,-3.773493833e-92,-0.0429468844,-4.051093711e-93,3.139491037e-93,-0.0854289925,-1.624175505e-93],[4.755735485e-92,3540.8841438004,4.274547989e-92,-5.746966554e-92,-1128.6787600801,-0.487868494,1.592454215e-92,-2446.0659400547,6.688609778e-92,54.8471520495,-76.3273631467,4.388250011e-92,41.7734360117],[0.2481946158,4.274547989e-92,1.1971538408,0.742346228,-1.196382053e-92,-2.804913492e-93,-0.4508589829,-3.376537092e-92,-0.3396184023,-4.424393745e-93,3.363585652e-93,-0.6408858378,-1.723873171e-93],[0.0950011168,-5.746966554e-92,0.742346228,30.6622148377,1.648767337e-92,5.41550384e-93,-0.18050169,4.516495666e-92,-20.5699605299,7.021859745e-93,-5.204522986e-93,-12.1903168841,2.694853908e-93],[-1.299688807e-92,-1128.6787600801,-1.196382053e-92,1.648767337e-92,381.3003460721,0.2274883164,-4.498477413e-93,759.9476189614,-1.92144697e-92,-25.491297996,35.3872075889,-1.248215322e-92,-18.8275454225],[-2.148798075e-93,-0.487868494,-2.804913492e-93,5.41550384e-93,0.2274883164,1.2191706997,-1.142854398e-93,0.285563726,-6.408588326e-93,-3.434196064,3.3674325495,-3.650096362e-93,-0.312853922],[-2.3724497282,1.592454215e-92,-0.4508589829,-0.18050169,-4.498477413e-93,-1.142854398e-93,3.0311300888,-1.255860113e-92,0.0816321487,-1.764892359e-93,1.338192135e-93,0.1620093762,-6.810733015e-94],[-3.773493833e-92,-2446.0659400547,-3.376537092e-92,4.516495666e-92,759.9476189614,0.285563726,-1.255860113e-92,1709.1008908274,-5.255069858e-92,-32.1427375129,44.7678834795,-3.455001689e-92,-24.7604435061],[-0.0429468844,6.688609778e-92,-0.3396184023,-20.5699605299,-1.92144697e-92,-6.408588326e-93,0.0816321487,-5.255069858e-92,15.77063392,-8.241049951e-93,6.100881398e-93,6.8033450607,-3.160364469e-93],[-4.051093711e-93,54.8471520495,-4.424393745e-93,7.021859745e-93,-25.491297996,-3.434196064,-1.764892359e-93,-32.1427375129,-8.241049951e-93,132.1312995118,-149.2691458057,-5.083313361e-93,24.610799976],[3.139491037e-93,-76.3273631467,3.363585652e-93,-5.204522986e-93,35.3872075889,3.3674325495,1.338192135e-93,44.7678834795,6.100881398e-93,-149.2691458057,172.3558227452,3.804924691e-93,-31.2245507288],[-0.0854289925,4.388250011e-92,-0.6408858378,-12.1903168841,-1.248215322e-92,-3.650096362e-93,0.1620093762,-3.455001689e-92,6.8033450607,-5.083313361e-93,3.804924691e-93,6.8981928875,-1.957341882e-93],[-1.624175505e-93,41.7734360117,-1.723873171e-93,2.694853908e-93,-18.8275454225,-0.312853922,-6.810733015e-94,-24.7604435061,-3.160364469e-93,24.610799976,-31.2245507288,-1.957341882e-93,9.2447260123]],"X_train_":[[0.2300912476,0.6723637582,1.0],[0.249485072,0.3417734806,0.0],[0.5947065575,0.3460161737,1.0],[0.9500742402,0.5027932598,1.0],[0.2720703684,0.2440975339,0.0],[0.8226082539,0.4962668773,0.0],[0.3199068384,0.1082072545,1.0],[0.239491552,0.5771602975,0.0],[0.9951317146,0.4644181241,1.0],[0.5728825748,0.4901610247,0.0],[0.5556314357,0.5217816737,0.0],[0.8750454887,0.5841022456,1.0],[0.4712899114,0.0,0.0]],"alpha":0.0000000001,"copy_X_train":true,"log_marginal_likelihood_value_":-6.9275245522,"n_restarts_optimizer":2,"noise_":0.00001,"optimizer":"fmin_l_bfgs_b","random_state":632820261,"y_train_":[1.165055157,0.8649998191,0.7241721361,-0.8436661491,0.6765689386,0.5858924491,1.1738700277,0.9257074694,-0.1645153149,-1.3614271848,-1.3554556524,-1.0446518171,-1.3465498787],"y_train_std_":0.4329070941},{"K_inv_":[[3.1714011356,4.87441012e-22,0.3426197728,0.1786884807,-1.27089789e-22,-8.705211765e-24,-2.7209816149,-3.875822029e-22,-0.0810516056,-2.241668269e-23,1.527461549e-23,-0.1536929005,-1.473992908e-23,5.404600639e-24],[4.87441012e-22,4939.6424546817,2.893554421e-22,-2.120359066e-22,-1603.0908932729,0.3001325545,6.551077826e-23,-3384.8088436643,2.225993342e-22,-55.122865783,103.2578575327,1.945179816e-22,182.4238659117,-197.1387660244],[0.3426197728,2.893554421e-22,1.2044299856,1.0905742152,-8.127094231e-23,-1.936734394e-23,-0.6005008834,-2.27193855e-22,-0.5022244742,-2.824186006e-23,1.866782137e-23,-0.8930854341,-1.533883469e-23,4.857735264e-24],[0.1786884807,-2.120359066e-22,1.0905742152,39.7829379624,6.497690165e-23,4.92032996e-23,-0.3306057338,1.633311064e-22,-26.3666261458,2.268548099e-23,-6.172389388e-24,-15.8991483526,2.002513924e-23,-1.007331494e-23],[-1.27089789e-22,-1603.0908932729,-8.127094231e-23,6.497690165e-23,548.9545798448,-0.1399467422,-2.073754072e-23,1072.8224229992,-6.853496012e-23,25.8543081228,-48.4957500234,-5.81031888e-23,-83.8412154552,91.7932374366],[-8.705211765e-24,0.3001325545,-1.936734394e-23,4.92032996e-23,-0.1399467422,1.2238552897,-7.886580127e-24,-0.1759400654,-5.516752141e-23,-6.0640357657,6.8542979764,-3.035610489e-23,0.7632078525,-1.9806756364],[-2.7209816149,6.551077826e-23,-0.6005008834,-0.3306057338,-2.073754072e-23,-7.886580127e-24,3.3760501976,-5.043296457e-23,0.1500413952,-1.241057192e-23,8.557776052e-24,0.2836699314,-5.974247428e-24,1.597560589e-24],[-3.875822029e-22,-3384.8088436643,-2.27193855e-22,1.633311064e-22,1072.8224229992,-0.1759400654,-5.043296457e-23,2343.6381877183,-1.712512432e-22,32.2033361534,-60.2755469216,-1.507621603e-22,-107.2079774125,115.312055125],[-0.0810516056,2.225993342e-22,-0.5022244742,-26.3666261458,-6.853496012e-23,-5.516752141e-23,0.1500413952,-1.712512432e-22,19.555516346,-2.339818544e-23,5.211293165e-24,8.9673706841,-2.169447373e-23,1.121391155e-23],[-2.241668269e-23,-55.122865783,-2.824186006e-23,2.268548099e-23,25.8543081228,-6.0640357657,-1.241057192e-23,32.2033361534,-2.339818544e-23,363.4147156763,-496.709357436,-2.412923592e-23,-127.8789058712,264.9960988967],[1.527461549e-23,103.2578575327,1.866782137e-23,-6.172389388e-24,-48.4957500234,6.8542979764,8.557776052e-24,-60.2755469216,5.211293165e-24,-496.709357436,700.9793991663,1.268026718e-23,213.1043116625,-419.0586460769],[-0.1536929005,1.945179816e-22,-0.8930854341,-15.8991483526,-5.81031888e-23,-3.035610489e-23,0.2836699314,-1.507621603e-22,8.9673706841,-2.412923592e-23,1.268026718e-23,8.5729770924,-1.521101665e-23,5.963565781e-24],[-1.473992908e-23,182.4238659117,-1.533883469e-23,2.002513924e-23,-83.8412154552,0.7632078525,-5.974247428e-24,-107.2079774125,-2.169447373e-23,-127.8789058712,213.1043116625,-1.521101665e-23,153.195300321,-230.0047772653],[5.404600639e-24,-197.1387660244,4.857735264e-24,-1.007331494e-23,91.7932374366,-1.9806756364,1.597560589e-24,115.312055125,1.121391155e-23,264.9960988967,-419.0586460769,5.963565781e-24,-230.0047772653,375.8353525356]],"X_train_":[[0.2300912476,0.6723637582,1.0],[0.249485072,0.3417734806,0.0],[0.5947065575,0.3460161737,1.0],[0.9500742402,0.5027932598,1.0],[0.2720703684,0.2440975339,0.0],[0.8226082539,0.4962668773,0.0],[0.3199068384,0.1082072545,1.0],[0.239491552,0.5771602975,0.0],[0.9951317146,0.4644181241,1.0],[0.5728825748,0.4901610247,0.0],[0.5556314357,0.5217816737,0.0],[0.8750454887,0.5841022456,1.0],[0.4712899114,0.0,0.0],[0.498822721,0.0,0.0]],"alpha":0.0000000001,"copy_X_train":true,"log_marginal_likelihood_value_":-4.8923761381,"n_restarts_optimizer":2,"noise_":0.00001,"optimizer":"fmin_l_bfgs_b","random_state":632820261,"y_train_":[1.2313715718,0.9384937558,0.8010347639,-0.7292997941,0.7545702664,0.6660628184,1.2399755849,0.997749239,-0.0663946963,-1.2346756438,-1.2288469544,-0.9254777521,-1.2201542127,-1.2244089468],"y_train_std_":0.4435162968},{"K_inv_":[[4.0864806957,0.0194950254,0.4179580441,0.229421764,-0.0045318462,-0.0000508604,-3.3408073234,-0.0164351464,-0.1041184307,0.0002408253,-0.0000976471,-0.1958227514,0.0001594015,0.0000543579,-0.9237058238],[0.0194950254,5505.4891110525,0.0026873014,0.0010423563,-1790.150372965,0.337758878,0.0049256692,-3768.6649864765,-0.0006882843,-62.6249831136,117.4503990567,-0.0008026433,206.7607481873,-223.9599978696,0.0412791163],[0.4179580441,0.0026873014,1.277604463,1.2365049885,-0.0013978036,-0.0007754071,-0.6878737282,-0.001594061,-0.5701140251,-0.0055489034,0.0047859709,-1.0031197466,-0.0006938551,-0.0007796384,-0.0464603677],[0.229421764,0.0010423563,1.2365049885,44.140250555,-0.0004941858,0.0026694381,-0.3994878135,-0.0006797559,-29.1837558427,-0.0000684568,0.0005467831,-17.6623412553,-0.0001741562,-0.0000475315,-0.0246691984],[-0.0045318462,-1790.150372965,-0.0013978036,-0.0004941858,613.7191958204,-0.157469047,-0.0031306055,1197.1746563756,0.0003251822,29.3939592405,-55.2111218062,0.0003825313,-95.1131423378,104.393153016,-0.0093808184],[-0.0000508604,0.337758878,-0.0007754071,0.0026694381,-0.157469047,1.2925144509,0.0001022694,-0.1979382038,-0.0030576177,-6.784551809,7.6897433396,-0.0026659847,0.8573216268,-2.2299739721,0.0000071495],[-3.3408073234,0.0049256692,-0.6878737282,-0.3994878135,-0.0031306055,0.0001022694,3.8672200989,-0.0027100891,0.1814028186,-0.000025845,-0.0007009879,0.3401202591,-0.0022901286,0.0015426053,0.5313530153],[-0.0164351464,-3768.6649864765,-0.001594061,-0.0006797559,1197.1746563756,-0.1979382038,-0.0027100891,2606.3219749487,0.0004341705,36.5574078889,-68.4987912306,0.0005321846,-121.3933390205,130.8646967189,-0.0334000216],[-0.1041184307,-0.0006882843,-0.5701140251,-29.1837558427,0.0003251822,-0.0030576177,0.1814028186,0.0004341705,21.5146882545,0.0045500237,-0.0052342912,9.9785885688,-0.0004476571,0.0014079373,0.0111932283],[0.0002408253,-62.6249831136,-0.0055489034,-0.0000684568,29.3939592405,-6.784551809,-0.000025845,36.5574078889,0.0045500237,408.8274418327,-559.948554483,-0.0034346926,-145.0363730467,300.2547277692,-0.000040771],[-0.0000976471,117.4503990567,0.0047859709,0.0005467831,-55.2111218062,7.6897433396,-0.0007009879,-68.4987912306,-0.0052342912,-559.948554483,791.5238183698,0.0032276195,241.7573604754,-475.0372444299,0.0000609505],[-0.1958227514,-0.0008026433,-1.0031197466,-17.6623412553,0.0003825313,-0.0026659847,0.3401202591,0.0005321846,9.9785885688,-0.0034346926,0.0032276195,9.4478293394,0.0005448789,-0.0009619927,0.0210763876],[0.0001594015,206.7607481873,-0.0006938551,-0.0001741562,-95.1131423378,0.8573216268,-0.0022901286,-121.3933390205,-0.0004476571,-145.0363730467,241.7573604754,0.0005448789,173.1498598356,-260.406755225,0.0000666896],[0.0000543579,-223.9599978696,-0.0007796384,-0.0000475315,104.393153016,-2.2299739721,0.0015426053,130.8646967189,0.0014079373,300.2547277692,-475.0372444299,-0.0009619927,-260.406755225,425.844857224,-0.0000983314],[-0.9237058238,0.0412791163,-0.0464603677,-0.0246691984,-0.0093808184,0.0000071495,0.5313530153,-0.0334000216,0.0111932283,-0.000040771,0.0000609505,0.0210763876,0.0000666896,-0.0000983314,1.248236438]],"X_train_":[[0.2300912476,0.6723637582,1.0],[0.249485072,0.3417734806,0.0],[0.5947065575,0.3460161737,1.0],[0.9500742402,0.5027932598,1.0],[0.2720703684,0.2440975339,0.0],[0.8226082539,0.4962668773,0.0],[0.3199068384,0.1082072545,1.0],[0.239491552,0.5771602975,0.0],[0.9951317146,0.4644181241,1.0],[0.5728825748,0.4901610247,0.0],[0.5556314357,0.5217816737,0.0],[0.8750454887,0.5841022456,1.0],[0.4712899114,0.0,0.0],[0.498822721,0.0,0.0],[0.0,0.4422902187,1.0]],"alpha":0.0000000001,"copy_X_train":true,"log_marginal_likelihood_value_":-5.6963112047,"n_restarts_optimizer":2,"noise_":0.00001,"optimizer":"fmin_l_bfgs_b","random_state":632820261,"y_train_":[1.1324003444,0.8436797463,0.7081718991,-0.8004405144,0.6623669361,0.5751157961,1.1408822289,0.9020941349,-0.146944941,-1.2986428691,-1.2928969144,-0.9938338487,-1.2843275607,-1.2885219015,1.1408974641],"y_train_std_":0.4499023805},{"K_inv_":[[4.3277223551,0.0000000061,0.5017594095,0.332832268,-0.0000000016,-0.0,-3.6125651179,-0.0000000048,-0.1513357438,0.0000000001,-0.0000000002,-0.276443785,-0.0000000002,0.0000000002,-1.0247949371,-0.0000000001],[0.0000000061,6526.4910015679,0.0000000081,-0.0000000025,-2137.8014981792,-0.2757461943,0.0000000112,-4450.3113393759,0.0000000022,-106.9831671868,177.0937716147,0.000000003,263.1354076087,-291.262856096,0.0000000258,5.0284795445],[0.5017594095,0.0000000081,1.2397490821,1.5233860975,-0.0000000024,-0.0000000007,-0.7990909072,-0.0000000062,-0.7056353909,-0.0000000002,-0.0000000002,-1.1946916203,-0.0000000007,0.0000000004,-0.0578557199,-0.0000000002],[0.332832268,-0.0000000025,1.5233860975,50.5668972776,0.0000000009,0.0000000026,-0.5649670644,0.0000000018,-33.1208803321,0.0000000039,-0.000000003,-20.3429123089,0.0000000003,0.0000000003,-0.0368631273,-0.000000001],[-0.0000000016,-2137.8014981792,-0.0000000024,0.0000000009,735.7345788528,0.1247041072,-0.0000000031,1426.3811118423,-0.0000000008,49.7920855958,-82.7615461975,-0.000000001,-120.8598802326,135.5486841869,-0.0000000063,-2.3057100613],[-0.0,-0.2757461943,-0.0000000007,0.0000000026,0.1247041072,1.7287581961,-0.0000000003,0.1641322029,-0.0000000028,11.1460167519,-9.6493765813,-0.0000000015,-0.6445019751,1.7182627934,-0.0000000001,-3.5927324659],[-3.6125651179,0.0000000112,-0.7990909072,-0.5649670644,-0.0000000031,-0.0000000003,4.0712860626,-0.0000000088,0.257062643,0.0000000001,-0.0000000003,0.467841653,-0.0000000006,0.0000000004,0.6089886267,-0.0000000002],[-0.0000000048,-4450.3113393759,-0.0000000062,0.0000000018,1426.3811118423,0.1641322029,-0.0000000088,3063.6164470724,-0.0000000016,62.6708952533,-103.4957179165,-0.0000000022,-154.4040633026,170.1097974789,-0.0000000206,-2.9705344335],[-0.1513357438,0.0000000022,-0.7056353909,-33.1208803321,-0.0000000008,-0.0000000028,0.257062643,-0.0000000016,23.8858076873,-0.0000000043,0.0000000034,11.5557451229,-0.0000000002,-0.0000000004,0.0167568078,0.0000000011],[0.0000000001,-106.9831671868,-0.0000000002,0.0000000039,49.7920855958,11.1460167519,0.0000000001,62.6708952533,-0.0000000043,1233.5070144046,-1408.8063932938,-0.0000000016,-245.7583517065,543.7801416984,0.0000000001,-138.5742000679],[-0.0000000002,177.0937716147,-0.0000000002,-0.000000003,-82.7615461975,-9.6493765813,-0.0000000003,-103.4957179165,0.0000000034,-1408.8063932938,1684.5101224728,0.0000000011,365.5862310526,-759.0635151804,-0.0000000002,136.1539865184],[-0.276443785,0.000000003,-1.1946916203,-20.3429123089,-0.000000001,-0.0000000015,0.467841653,-0.0000000022,11.5557451229,-0.0000000016,0.0000000011,10.592391873,-0.0000000004,0.0,0.030653727,0.0000000002],[-0.0000000002,263.1354076087,-0.0000000007,0.0000000003,-120.8598802326,-0.6445019751,-0.0000000006,-154.4040633026,-0.0000000002,-245.7583517065,365.5862310526,-0.0000000004,219.1650275212,-337.8843328028,-0.0000000004,12.12978778],[0.0000000002,-291.262856096,0.0000000004,0.0000000003,135.5486841869,1.7182627934,0.0000000004,170.1097974789,-0.0000000004,543.7801416984,-759.0635151804,0.0,-337.8843328028,568.8287897244,0.0000000003,-31.976185715],[-1.0247949371,0.0000000258,-0.0578557199,-0.0368631273,-0.0000000063,-0.0000000001,0.6089886267,-0.0000000206,0.0167568078,0.0000000001,-0.0000000002,0.030653727,-0.0000000004,0.0000000003,1.176426542,-0.0000000001],[-0.0000000001,5.0284795445,-0.0000000002,-0.000000001,-2.3057100613,-3.5927324659,-0.0000000002,-2.9705344335,0.0000000011,-138.5742000679,136.1539865184,0.0000000002,12.12978778,-31.976185715,-0.0000000001,26.011436905]],"X_train_":[[0.2300912476,0.6723637582,1.0],[0.249485072,0.3417734806,0.0],[0.5947065575,0.3460161737,1.0],[0.9500742402,0.5027932598,1.0],[0.2720703684,0.2440975339,0.0],[0.8226082539,0.4962668773,0.0],[0.3199068384,0.1082072545,1.0],[0.239491552,0.5771602975,0.0],[0.9951317146,0.4644181241,1.0],[0.5728825748,0.4901610247,0.0],[0.5556314357,0.5217816737,0.0],[0.8750454887,0.5841022456,1.0],[0.4712899114,0.0,0.0],[0.498822721,0.0,0.0],[0.0,0.4422902187,1.0],[0.6446362473,1.0,0.0]],"alpha":0.0000000001,"copy_X_train":true,"log_marginal_likelihood_value_":-5.4068437407,"n_restarts_optimizer":2,"noise_":0.00001,"optimizer":"fmin_l_bfgs_b","random_state":632820261,"y_train_":[1.1937933241,0.9087533354,0.7749729418,-0.7144076851,0.7297519003,0.6436130376,1.2021670816,0.9664230575,-0.0692428714,-1.2062589577,-1.2005862523,-0.9053356418,-1.1921261407,-1.1962670121,1.2021821225,-1.1374322397],"y_train_std_":0.4557117931},{"K_inv_":[[4.6697786021,0.0,0.5464749119,0.3676062568,-0.0,-0.0,-3.9040890604,-0.0,-0.1671652901,0.0,-0.0,-0.3047183655,-0.0,0.0,-1.1092006084,-0.0,-0.0],[0.0,7582.7738597929,0.0,-0.0,-2431.3753442784,-0.3012549988,0.0,-5230.9080241233,0.0,-116.9155226902,193.4741846407,0.0,286.8440589062,-317.7349432667,0.0,5.4973789455,27.4544482263],[0.5464749119,0.0,1.3289499201,1.6623403088,-0.0,-0.0,-0.8681203886,-0.0,-0.7702580234,-0.0,-0.0,-1.3003705462,-0.0,0.0,-0.063168441,-0.0,-0.0],[0.3676062568,-0.0,1.6623403088,54.8850400252,0.0,0.0,-0.6228007757,0.0,-35.9219975808,0.0,-0.0,-22.0906434663,0.0,0.0,-0.0407916382,-0.0,0.0],[-0.0,-2431.3753442784,-0.0,0.0,823.0965920108,0.1350772134,-0.0,1637.5226801992,-0.0,54.2480686466,-90.2125118886,-0.0,-131.6751600663,147.7590619021,-0.0,-2.5057803916,-6.2348705603],[-0.0,-0.3012549988,-0.0,0.0,0.1350772134,1.8559137863,-0.0,0.1803528865,-0.0,12.1122330458,-10.4810967975,-0.0,-0.6945512935,1.8569535801,-0.0,-3.8978333337,-0.0002698386],[-3.9040890604,0.0,-0.8681203886,-0.6228007757,-0.0,-0.0,4.3912879961,-0.0,0.2834109357,0.0,-0.0,0.5146853607,-0.0,0.0,0.6608280922,-0.0,-0.0],[-0.0,-5230.9080241233,-0.0,0.0,1637.5226801992,0.1803528865,-0.0,3646.5332497574,-0.0,68.6497382818,-113.2730623087,-0.0,-168.4158651993,185.7084370655,-0.0,-3.2611069605,-21.8904880498],[-0.1671652901,0.0,-0.7702580234,-35.9219975808,-0.0,-0.0,0.2834109357,-0.0,25.8622762253,-0.0,0.0,12.5530298081,-0.0,-0.0,0.0185445056,0.0,-0.0],[0.0,-116.9155226902,-0.0,0.0,54.2480686466,12.1122330458,0.0,68.6497382818,-0.0,1344.325649689,-1535.5363509631,-0.0,-267.7204938356,592.6053616859,0.0,-150.8972830349,-0.0562282582],[-0.0,193.4741846407,-0.0,-0.0,-90.2125118886,-10.4810967975,-0.0,-113.2730623087,0.0,-1535.5363509631,1836.2894655607,0.0,398.4879142801,-827.5268264616,-0.0,148.2620539051,0.0809138606],[-0.3047183655,0.0,-1.3003705462,-22.0906434663,-0.0,-0.0,0.5146853607,-0.0,12.5530298081,-0.0,0.0,11.480611926,-0.0,0.0,0.0338536098,0.0,-0.0],[-0.0,286.8440589062,-0.0,0.0,-131.6751600663,-0.6945512935,-0.0,-168.4158651993,-0.0,-267.7204938356,398.4879142801,-0.0,238.9224220997,-368.4420925013,-0.0,13.1534697911,0.077173085],[0.0,-317.7349432667,0.0,0.0,147.7590619021,1.8569535801,0.0,185.7084370655,-0.0,592.6053616859,-827.5268264616,0.0,-368.4420925013,620.3491962982,0.0,-34.7467463384,-0.0923766037],[-1.1092006084,0.0,-0.063168441,-0.0407916382,-0.0,-0.0,0.6608280922,-0.0,0.0185445056,0.0,-0.0,0.0338536098,-0.0,0.0,1.2575523699,-0.0,-0.0],[-0.0,5.4973789455,-0.0,-0.0,-2.5057803916,-3.8978333337,-0.0,-3.2611069605,0.0,-150.8972830349,148.2620539051,0.0,13.1534697911,-34.7467463384,-0.0,28.2828113761,0.0038450022],[-0.0,27.4544482263,-0.0,0.0,-6.2348705603,-0.0002698386,-0.0,-21.8904880498,-0.0,-0.0562282582,0.0809138606,-0.0,0.077173085,-0.0923766037,-0.0,0.0038450022,1.4075090131]],"X_train_":[[0.2300912476,0.6723637582,1.0],[0.249485072,0.3417734806,0.0],[0.5947065575,0.3460161737,1.0],[0.9500742402,0.5027932598,1.0],[0.2720703684,0.2440975339,0.0],[0.8226082539,0.4962668773,0.0],[0.3199068384,0.1082072545,1.0],[0.239491552,0.5771602975,0.0],[0.9951317146,0.4644181241,1.0],[0.5728825748,0.4901610247,0.0],[0.5556314357,0.5217816737,0.0],[0.8750454887,0.5841022456,1.0],[0.4712899114,0.0,0.0],[0.498822721,0.0,0.0],[0.0,0.4422902187,1.0],[0.6446362473,1.0,0.0],[0.0,0.0392523116,0.0]],"alpha":0.0000000001,"copy_X_train":true,"log_marginal_likelihood_value_":-6.0767862539,"n_restarts_optimizer":2,"noise_":0.00001,"optimizer":"fmin_l_bfgs_b","random_state":632820261,"y_train_":[1.1114887803,0.8294040001,0.6970106013,-0.7769285766,0.652258398,0.567012597,1.1197757212,0.88647582,-0.138452637,-1.2636804835,-1.2580665911,-0.9658770498,-1.2496941914,-1.2537921315,1.1197906062,-1.1955673403,1.118842477],"y_train_std_":0.4604859727},{"K_inv_":[[4.4607372378,0.0,0.5154344021,0.3401502092,-0.0,-0.0,-3.7215169764,-0.0,-0.1546537543,0.0,-0.0,-0.2827336967,-0.0,0.0,-1.0550969808,-0.0,-0.0,-0.0],[0.0,7187.4224921278,0.0,-0.0,-2303.7158110872,0.1106619297,0.0,-4959.2361258168,0.0,-172.9998003944,223.2717461191,0.0,272.6188568216,-305.1585222558,0.0,-4.7359410371,26.1225999623,35.0460312241],[0.5154344021,0.0,1.2809176125,1.56374855,-0.0,-0.0,-0.8216190681,-0.0,-0.7242291091,0.0,-0.0,-1.2274998542,-0.0,0.0,-0.0593780874,-3.571508617e-16,-0.0,-0.0],[0.3401502092,-0.0,1.56374855,52.0078345934,0.0,0.0,-0.577792009,0.0,-34.0739677342,-0.0,0.0,-20.9190306436,0.0,-0.0,-0.0376471189,-0.0,0.0,0.0],[-0.0,-2303.7158110872,-0.0,0.0,779.5826271884,-0.0414514718,-0.0,1551.8789594046,-0.0,77.9888627691,-102.4632591348,-0.0,-124.9113152987,141.5058208477,-0.0,1.884015594,-5.942825402,-15.007869014],[-0.0,0.1106619297,-0.0,0.0,-0.0414514718,1.9363403864,-0.0,-0.0722575845,-0.0,-12.5429334923,5.7632172171,-0.0,0.1449618608,-0.4356241846,-0.0,-7.4834610704,0.000315912,13.3770335494],[-3.7215169764,0.0,-0.8216190681,-0.577792009,-0.0,-0.0,4.1970463264,-0.0,0.2628811303,0.0,-0.0,0.4788273126,-0.0,0.0,0.626417193,-0.0,-0.0,-0.0],[-0.0,-4959.2361258168,-0.0,0.0,1551.8789594046,-0.0722575845,-0.0,3457.8950397456,-0.0,103.2701228048,-131